-0.000000000000000000e+00
-1.253332335643042583e-01
-2.486898871648547948e-01
-3.681245526846779192e-01
-4.817536741017153235e-01
-5.877852522924731371e-01
-6.845471059286886151e-01
-7.705132427757892533e-01
-8.443279255020150753e-01
-9.048270524660195768e-01
-9.510565162951535312e-01
-9.822872507286886101e-01
-9.980267284282715590e-01
-9.980267284282715590e-01
-9.822872507286886101e-01
-9.510565162951536422e-01
-9.048270524660194658e-01
-8.443279255020149643e-01
-7.705132427757892533e-01
-6.845471059286888371e-01
-5.877852522924732481e-01
-4.817536741017156010e-01
-3.681245526846781413e-01
-2.486898871648547948e-01
-1.253332335643045359e-01
-1.224646799147353207e-16
1.253332335643043138e-01
2.486898871648550169e-01
3.681245526846783633e-01
4.817536741017149904e-01
5.877852522924730261e-01
6.845471059286887261e-01
7.705132427757893643e-01
8.443279255020152974e-01
9.048270524660197989e-01
9.510565162951535312e-01
9.822872507286887211e-01
9.980267284282715590e-01
9.980267284282715590e-01
9.822872507286887211e-01
9.510565162951536422e-01
9.048270524660195768e-01
8.443279255020155194e-01
7.705132427757895863e-01
6.845471059286889481e-01
5.877852522924732481e-01
4.817536741017153235e-01
3.681245526846778082e-01
2.486898871648553500e-01
1.253332335643046747e-01
